382
NULL 0 NULL 0
Joined 0 0,255,0,255,0,0,0,0,0,0 NULL 0 0 0 	# Joined [4a 6f 69 6e 65 64 ]
|Broken|0|1 0 0,255,0,255,0,0,0,0,0,0 NULL 0 0 0 	# Broken
π’Ή 0 35,64,128,246,56,83,6,25,81,95 NULL 0 0 0 #
π’€­ 0 35,84,165,226,218,308,6,25,243,320 NULL 0 0 0 #
π’… 0 0,64,146,246,428,472,6,25,434,484 NULL 0 0 0 #
π’‚ 0 24,63,146,247,121,227,6,25,146,239 NULL 0 0 0 #
π’ƒ® 0 31,77,143,218,318,345,6,25,329,370 NULL 0 0 0 #
π’‹π’‹ 0 33,84,130,226,165,272,6,25,177,297 NULL 0 0 0 #
π’ƒ² 0 0,63,140,246,300,380,6,25,306,392 NULL 0 0 0 #
π’†— 0 28,64,133,246,313,370,6,25,327,382 NULL 0 0 0 #
π’‹™ 0 18,64,128,246,71,117,6,25,91,129 NULL 0 0 0 #
π’†³ 0 58,94,102,210,179,183,6,25,186,204 NULL 0 0 0 #
π’€Έ 0 116,145,56,164,209,218,6,25,220,243 NULL 0 0 0 #
π’€€ 0 35,63,163,246,136,167,6,25,161,179 NULL 0 0 0 #
π’‘ 0 55,64,123,246,218,514,6,25,243,526 NULL 0 0 0 #
π’…† 0 35,64,121,246,222,360,6,25,228,372 NULL 0 0 0 #
π’‹ 0 33,84,130,226,104,118,6,25,116,136 NULL 0 0 0 #
π’‰΅ 0 28,74,86,186,218,260,6,25,243,266 NULL 0 0 0 #
π’€Έπ’‹© 0 30,79,141,247,335,568,6,25,347,593 NULL 0 0 0 #
π’² 0 0,64,161,246,280,370,6,25,305,382 NULL 0 0 0 #
π’  0 37,63,138,246,247,340,6,25,259,346 NULL 0 0 0 #
π’¦ 0 35,84,128,226,206,218,6,25,218,243 NULL 0 0 0 #
π’„’ 0 0,63,153,246,301,329,6,25,307,345 NULL 0 0 0 #
π’‹¥ 0 35,64,128,246,327,411,6,25,338,423 NULL 0 0 0 #
π’‡Ή 0 63,104,105,205,192,329,6,25,217,341 NULL 0 0 0 #
π’‹« 0 14,64,142,248,305,534,6,25,316,546 NULL 0 0 0 #
π’„· 0 17,64,134,246,274,298,6,25,290,310 NULL 0 0 0 #
π’¬ 0 15,67,114,218,306,326,6,25,330,332 NULL 0 0 0 #
π’ƒ» 0 35,79,141,247,196,199,6,25,202,221 NULL 0 0 0 #
π’„µ 0 19,63,155,247,215,595,6,25,240,607 NULL 0 0 0 #
π’‹Ύ 0 35,64,127,246,350,413,6,25,362,419 NULL 0 0 0 #
π’ 0 35,64,131,246,136,165,6,25,159,177 NULL 0 0 0 #
π’† 0 25,55,157,246,177,329,6,25,202,341 NULL 0 0 0 #
π’‘ 0 35,64,135,246,287,360,6,25,312,372 NULL 0 0 0 #
π’„© 0 35,65,142,246,211,247,6,25,232,259 NULL 0 0 0 #
π’‹» 0 53,114,179,235,179,329,6,25,204,341 NULL 0 0 0 #
π’‹§ 0 37,64,131,247,263,431,6,25,269,443 NULL 0 0 0 #
π’†  0 10,43,161,246,280,390,6,25,305,402 NULL 0 0 0 #
π’€ 0 18,63,130,246,320,418,6,25,345,424 NULL 0 0 0 #
π’ 0 20,64,138,246,272,431,6,25,297,443 NULL 0 0 0 #
π’‡½ 0 25,64,140,246,361,431,6,25,386,443 NULL 0 0 0 #
π’…– 0 35,64,150,246,239,411,6,25,264,423 NULL 0 0 0 #
π’‰ 0 0,63,130,226,247,296,6,25,259,321 NULL 0 0 0 #
π’· 0 8,63,166,246,301,431,6,25,307,443 NULL 0 0 0 #
π’Ύ 0 16,64,161,246,273,385,6,25,298,395 NULL 0 0 0 #
π’„΄ 0 19,64,155,246,215,698,6,25,240,710 NULL 0 0 0 #
π’†· 0 4,64,160,246,325,357,6,25,346,363 NULL 0 0 0 #
π’‹› 0 20,64,138,246,241,411,6,25,266,423 NULL 0 0 0 #
π’® 0 0,64,161,246,280,380,6,25,305,392 NULL 0 0 0 #
π’¨ 0 35,64,121,246,166,226,6,25,180,238 NULL 0 0 0 #
π’ 0 33,84,131,226,218,280,6,25,243,286 NULL 0 0 0 #
π’„‘ 0 35,64,128,246,166,227,6,25,178,239 NULL 0 0 0 #
π’¬ 0 25,55,157,247,328,595,6,25,353,607 NULL 0 0 0 #
π’ 0 69,125,82,185,227,283,6,25,239,308 NULL 0 0 0 #
π’‹— 0 28,55,139,247,215,288,6,25,235,300 NULL 0 0 0 #
π’“ 0 0,64,162,247,218,219,6,25,224,243 NULL 0 0 0 #
π’‡‰ 0 25,64,157,269,208,390,6,25,233,402 NULL 0 0 0 #
π’… 0 24,64,135,246,537,677,6,25,543,689 NULL 0 0 0 #
π’„  0 0,65,144,214,337,379,6,25,343,404 NULL 0 0 0 #
π’‰ 0 11,63,115,246,247,437,6,25,259,462 NULL 0 0 0 #
π’‡» 0 25,55,157,246,208,411,6,25,233,423 NULL 0 0 0 #
π’„Ώ 0 42,88,121,221,229,288,6,25,235,300 NULL 0 0 0 #
π’ 0 35,72,160,246,251,472,6,25,266,484 NULL 0 0 0 #
π’ 0 30,84,136,226,422,468,6,25,443,474 NULL 0 0 0 #
π’² 0 38,64,88,246,454,656,6,25,460,668 NULL 0 0 0 #
π’‰† 0 0,64,152,246,381,492,6,25,405,504 NULL 0 0 0 #
π’‹³ 0 24,104,156,251,411,442,6,25,423,449 NULL 0 0 0 #
π’‰ 0 0,76,160,221,299,330,6,25,305,355 NULL 0 0 0 #
π’‚• 0 11,57,158,247,497,687,6,25,522,699 NULL 0 0 0 #
π’„― 0 19,64,155,247,215,482,6,25,240,494 NULL 0 0 0 #
π’…• 0 20,63,130,226,243,288,6,25,268,300 NULL 0 0 0 #
π’©π’† 0 17,63,161,271,387,513,6,25,412,525 NULL 0 0 0 #
π’†¤ 0 35,64,150,246,290,370,6,25,311,382 NULL 0 0 0 #
π’† 0 0,104,148,251,266,370,6,25,272,382 NULL 0 0 0 #
π’‰Ώ 0 31,64,129,246,217,370,6,25,223,382 NULL 0 0 0 #
π’†• 0 19,63,130,226,206,312,6,25,218,337 NULL 0 0 0 #
π’“ 0 28,64,143,246,268,298,6,25,293,304 NULL 0 0 0 #
π’‹΅ 0 28,64,127,246,162,215,6,25,182,227 NULL 0 0 0 #
π’‚ 0 4,64,150,246,211,288,6,25,236,300 NULL 0 0 0 #
π’‰Ί 0 35,64,128,246,206,251,6,25,218,276 NULL 0 0 0 #
π’• 0 34,64,148,267,296,452,6,25,321,464 NULL 0 0 0 #
π’  0 23,63,163,247,309,411,6,25,334,423 NULL 0 0 0 #
π’’ 0 29,64,160,251,196,385,6,25,221,397 NULL 0 0 0 #
π’…… 0 0,64,143,246,410,455,6,25,422,480 NULL 0 0 0 #
π’ 0 28,64,161,246,430,461,6,25,449,473 NULL 0 0 0 #
π’€ 0 35,63,165,246,204,390,6,25,218,402 NULL 0 0 0 #
π’…” 0 9,55,130,246,369,636,6,25,394,648 NULL 0 0 0 #
π’‚µ 0 11,64,121,246,352,512,6,25,358,524 NULL 0 0 0 #
π’• 0 35,64,129,246,345,616,6,25,352,628 NULL 0 0 0 #
π’Ή 0 35,66,138,247,287,390,6,25,312,402 NULL 0 0 0 #
π’… 0 24,47,137,247,420,513,6,25,445,525 NULL 0 0 0 #
π’‹Ά 0 27,64,113,246,251,513,6,25,263,525 NULL 0 0 0 #
π’— 0 25,60,140,246,541,636,6,25,566,648 NULL 0 0 0 #
π’†§ 0 0,43,171,267,411,422,6,25,423,445 NULL 0 0 0 #
π’€΄ 0 35,74,162,246,328,431,6,25,353,443 NULL 0 0 0 #
π’€  0 24,64,140,246,349,435,6,25,374,441 NULL 0 0 0 #
π’‚ 0 28,64,155,246,268,452,6,25,293,464 NULL 0 0 0 #
π’€« 0 12,63,153,246,326,357,6,25,351,363 NULL 0 0 0 #
π’‚— 0 0,64,131,246,239,308,6,25,264,314 NULL 0 0 0 #
π’‹€ 0 19,63,125,267,358,493,6,25,364,505 NULL 0 0 0 #
π’€• 0 17,43,151,267,321,595,6,25,346,607 NULL 0 0 0 #
π’…‡ 0 35,55,139,246,418,677,6,25,424,689 NULL 0 0 0 #
π’… 0 1,64,128,246,296,349,6,25,321,361 NULL 0 0 0 #
π’΄ 0 21,72,163,281,371,419,6,25,383,444 NULL 0 0 0 #
π’„£ 0 1,43,144,246,369,473,6,25,394,485 NULL 0 0 0 #
π’„ 0 0,64,176,246,463,520,6,25,469,545 NULL 0 0 0 #
π’‹“ 0 19,45,149,265,354,466,6,25,379,472 NULL 0 0 0 #
π’ 0 47,82,159,218,390,406,6,25,402,422 NULL 0 0 0 #
π’‘ 0 0,77,149,246,309,390,6,25,315,402 NULL 0 0 0 #
π’Ύ 0 14,64,155,246,366,554,6,25,372,566 NULL 0 0 0 #
π’‰ 0 12,63,157,246,411,468,6,25,423,493 NULL 0 0 0 #
π’ 0 35,64,155,246,306,472,6,25,331,484 NULL 0 0 0 #
π’‹Ό 0 14,64,154,246,245,287,6,25,270,300 NULL 0 0 0 #
π’ƒ¶ 0 0,88,197,234,309,486,6,25,321,511 NULL 0 0 0 #
π’„­ 0 19,65,155,210,215,253,6,25,240,261 NULL 0 0 0 #
π’‚¦ 0 3,35,164,287,363,759,6,25,388,771 NULL 0 0 0 #
π’­ 0 14,64,142,275,280,411,6,25,305,423 NULL 0 0 0 #
π’‡² 0 58,63,155,246,182,247,6,25,207,259 NULL 0 0 0 #
π’‡· 0 12,47,142,255,438,564,6,25,463,570 NULL 0 0 0 #
π’€ 0 17,64,151,246,321,431,6,25,346,443 NULL 0 0 0 #
π’£ 0 51,64,148,246,328,441,6,25,353,453 NULL 0 0 0 #
π’¦ 0 40,63,135,246,354,603,6,25,366,628 NULL 0 0 0 #
π’¨ 0 8,64,129,246,325,349,6,25,350,361 NULL 0 0 0 #
π’Ό 0 35,87,133,247,296,534,6,25,302,546 NULL 0 0 0 #
π’Ί 0 6,66,134,218,181,259,6,25,206,265 NULL 0 0 0 #
π’‡΄ 0 32,63,165,246,256,493,6,25,281,505 NULL 0 0 0 #
π’€‰ 0 27,64,148,255,291,477,6,25,316,489 NULL 0 0 0 #
π’Ί 0 35,87,133,246,296,390,6,25,302,402 NULL 0 0 0 #
π’€ 0 35,64,127,246,401,554,6,25,407,566 NULL 0 0 0 #
π’…¤ 0 23,39,133,287,346,800,6,25,352,812 NULL 0 0 0 #
π’…€ 0 35,63,123,246,343,452,6,25,349,464 NULL 0 0 0 #
π’’ 0 0,64,147,272,215,391,6,25,240,403 NULL 0 0 0 #
π’‡³ 0 58,64,155,246,182,288,6,25,207,300 NULL 0 0 0 #
π’· 0 0,64,188,246,241,270,6,25,247,295 NULL 0 0 0 #
π’‰£ 0 37,64,128,246,256,411,6,25,262,423 NULL 0 0 0 #
π’‚– 0 0,64,143,271,352,534,6,25,359,546 NULL 0 0 0 #
π’€ 0 83,125,78,185,227,238,6,25,239,259 NULL 0 0 0 #
π’…— 0 35,64,133,246,346,575,6,25,352,587 NULL 0 0 0 #
π’³ 0 25,55,157,246,198,411,6,25,223,423 NULL 0 0 0 #
π’„Ά 0 30,64,154,246,431,513,6,25,456,525 NULL 0 0 0 #
π’„¬ 0 73,145,87,164,214,247,6,25,220,259 NULL 0 0 0 #
π’© 0 28,38,154,258,343,394,6,25,368,400 NULL 0 0 0 #
π’„« 0 35,65,142,246,288,390,6,25,297,402 NULL 0 0 0 #
π’†Έ 0 25,64,157,259,208,329,6,25,233,341 NULL 0 0 0 #
π’„– 0 14,64,124,271,410,416,6,25,416,441 NULL 0 0 0 #
π’Ά 0 0,66,171,246,419,477,6,25,425,502 NULL 0 0 0 #
π’‹ƒ 0 8,64,173,246,314,391,6,25,339,403 NULL 0 0 0 #
π’¶ 0 22,67,147,287,310,575,6,25,335,587 NULL 0 0 0 #
π’„€ 0 35,64,161,246,343,495,6,25,356,507 NULL 0 0 0 #
π’„ 0 35,64,144,246,381,492,6,25,406,504 NULL 0 0 0 #
π’ 0 35,70,123,271,467,551,6,25,473,576 NULL 0 0 0 #
π’» 0 6,63,111,246,431,518,6,25,456,525 NULL 0 0 0 #
π’‚… 0 21,55,131,246,330,534,6,25,355,546 NULL 0 0 0 #
π’ 0 0,43,165,267,464,534,6,25,482,546 NULL 0 0 0 #
π’‰ 0 22,64,129,246,399,554,6,25,422,566 NULL 0 0 0 #
π’€ 0 19,65,155,226,213,534,6,25,238,546 NULL 0 0 0 #
π’‹© 0 30,79,141,247,271,300,6,25,277,325 NULL 0 0 0 #
π’¤ 0 15,64,174,247,417,547,6,25,435,559 NULL 0 0 0 #
π’€® 0 24,64,244,268,157,431,6,25,182,443 NULL 0 0 0 #
π’„ƒ 0 0,63,221,247,337,779,6,25,362,791 NULL 0 0 0 #
π’†° 0 44,113,82,193,348,435,6,25,360,460 NULL 0 0 0 #
π’ 0 0,33,165,282,464,534,6,25,482,546 NULL 0 0 0 #
π’† 0 34,64,148,246,344,363,6,25,363,375 NULL 0 0 0 #
π’‰“ 0 26,64,119,246,371,554,6,25,396,566 NULL 0 0 0 #
π’‚΅ 0 3,55,164,247,363,595,6,25,388,607 NULL 0 0 0 #
π’¥ 0 35,64,128,246,330,411,6,25,338,423 NULL 0 0 0 #
π’® 0 12,63,161,271,263,472,6,25,288,484 NULL 0 0 0 #
π’…‹ 0 0,64,158,246,554,732,6,25,566,757 NULL 0 0 0 #
π’„¥ 0 35,64,128,246,284,411,6,25,308,423 NULL 0 0 0 #
π’® 0 0,63,161,271,400,554,6,25,425,566 NULL 0 0 0 #
π’© 0 17,64,161,271,129,288,6,25,154,300 NULL 0 0 0 #
π’ƒ° 0 35,64,128,246,169,210,6,25,175,235 NULL 0 0 0 #
π’ƒ½ 0 0,64,175,275,146,247,6,25,153,259 NULL 0 0 0 #
π’‡¥ 0 25,64,157,259,208,329,6,25,233,341 NULL 0 0 0 #
π’ 0 35,64,129,246,189,247,6,25,214,259 NULL 0 0 0 #
π’€Ύ 0 35,65,154,247,206,253,6,25,218,259 NULL 0 0 0 #
π’— 0 0,63,162,247,220,472,6,25,245,484 NULL 0 0 0 #
π’„° 0 19,64,155,211,215,431,6,25,240,443 NULL 0 0 0 #
π’† 0 22,64,173,246,288,390,6,25,313,402 NULL 0 0 0 #
π’„ 0 11,64,154,246,380,456,6,25,405,468 NULL 0 0 0 #
π’ƒΌ 0 0,66,162,235,305,404,6,25,311,429 NULL 0 0 0 #
π’‰ 0 35,65,142,246,125,165,6,25,150,177 NULL 0 0 0 #
π’‰ 0 0,64,143,247,209,452,6,25,234,464 NULL 0 0 0 #
π’‡― 0 15,64,128,267,231,411,6,25,245,423 NULL 0 0 0 #
π’‰‹ 0 21,64,129,246,407,636,6,25,432,648 NULL 0 0 0 #
π’« 0 35,64,128,246,110,165,6,25,135,177 NULL 0 0 0 #
π’‹ 0 0,63,148,273,467,554,6,25,473,576 NULL 0 0 0 #
π’‡ 0 31,84,128,226,205,214,6,25,218,230 NULL 0 0 0 #
π’‹° 0 85,104,104,205,214,288,6,25,220,300 NULL 0 0 0 #
π’‚” 0 21,72,163,247,455,544,6,25,480,556 NULL 0 0 0 #
π’† 0 0,88,166,222,287,327,6,25,293,352 NULL 0 0 0 #
π’« 0 35,64,143,246,403,554,6,25,414,566 NULL 0 0 0 #
π’„„ 0 35,64,161,246,447,638,6,25,463,650 NULL 0 0 0 #
π’… 0 11,43,121,247,505,923,6,25,530,935 NULL 0 0 0 #
π’ 0 8,63,166,246,321,575,6,25,331,587 NULL 0 0 0 #
π’£ 0 20,64,157,246,219,493,6,25,244,505 NULL 0 0 0 #
π’ƒ΅ 0 0,32,152,277,310,698,6,25,316,710 NULL 0 0 0 #
π’‡’ 0 25,64,157,272,208,472,6,25,233,484 NULL 0 0 0 #
π’‰€ 0 0,64,137,247,310,739,6,25,335,751 NULL 0 0 0 #
π’‰’ 0 26,84,119,226,371,411,6,25,396,423 NULL 0 0 0 #
π’†¬ 0 0,63,223,246,261,288,6,25,268,300 NULL 0 0 0 #
π’‹† 0 12,63,145,246,442,657,6,25,448,669 NULL 0 0 0 #
π’… 0 35,63,121,275,264,350,6,25,270,362 NULL 0 0 0 #
π’€© 0 31,55,130,247,391,1242,6,25,397,1254 NULL 0 0 0 #
π’‹ 0 20,64,138,246,241,595,6,25,266,607 NULL 0 0 0 #
π’ƒΎ 0 0,84,188,246,387,422,6,25,393,447 NULL 0 0 0 #
π’Ή 0 0,65,155,210,225,253,6,25,250,261 NULL 0 0 0 #
π’ 0 53,68,158,247,465,510,6,25,490,516 NULL 0 0 0 #
π’ƒ 0 0,32,152,287,310,698,6,25,316,710 NULL 0 0 0 #
π’‰ 0 23,33,119,287,371,780,6,25,396,792 NULL 0 0 0 #
π’ 0 0,63,165,247,348,476,6,25,361,489 NULL 0 0 0 #
π’‹ 0 0,64,181,246,199,252,6,25,211,277 NULL 0 0 0 #
π’ 0 0,55,176,247,452,520,6,25,464,545 NULL 0 0 0 #
π’‚‡ 0 24,43,142,246,365,636,6,25,390,648 NULL 0 0 0 #
π’” 0 0,64,168,271,459,616,6,25,465,628 NULL 0 0 0 #
π’ 0 35,64,143,247,389,665,6,25,414,677 NULL 0 0 0 #
π’“ 0 33,64,162,247,248,364,6,25,258,376 NULL 0 0 0 #
π’‚· 0 0,63,152,246,308,324,6,25,316,349 NULL 0 0 0 #
π’‡ 0 23,64,130,246,239,288,6,25,264,300 NULL 0 0 0 #
π’ 0 35,65,143,247,253,316,6,25,278,322 NULL 0 0 0 #
π’ 0 0,64,169,259,280,554,6,25,305,566 NULL 0 0 0 #
π’ 0 35,64,144,246,189,223,6,25,214,235 NULL 0 0 0 #
π’‰½ 0 46,124,95,236,177,247,6,25,192,259 NULL 0 0 0 #
π’‚ 0 1,55,157,247,473,933,6,25,490,945 NULL 0 0 0 #
π’ 0 35,64,169,246,129,186,6,25,154,198 NULL 0 0 0 #
π’¦ 0 59,106,159,191,187,190,6,25,193,215 NULL 0 0 0 #
π’€– 0 13,84,144,226,349,400,6,25,361,425 NULL 0 0 0 #
π’‚ 0 8,63,166,246,321,616,6,25,331,628 NULL 0 0 0 #
π’†² 0 19,63,155,247,358,841,6,25,383,853 NULL 0 0 0 #
π’†¥ 0 0,55,143,247,431,450,6,25,437,475 NULL 0 0 0 #
π’‡Ί 0 58,64,179,246,114,174,6,25,139,186 NULL 0 0 0 #
π’‰» 0 30,76,153,246,275,323,6,25,295,335 NULL 0 0 0 #
π’‚‚ 0 30,38,136,255,553,585,6,25,566,591 NULL 0 0 0 #
π’µ 0 0,13,212,328,261,527,6,25,267,539 NULL 0 0 0 #
π’‚  0 25,55,157,246,213,329,6,25,219,341 NULL 0 0 0 #
π’‰Ά 0 13,45,149,265,395,466,6,25,420,472 NULL 0 0 0 #
π’‰ 0 0,64,146,246,418,472,6,25,435,484 NULL 0 0 0 #
π’‹¤ 0 47,64,99,246,404,575,6,25,410,587 NULL 0 0 0 #
π’‹­ 0 14,63,142,246,305,616,6,25,316,628 NULL 0 0 0 #
π’„Έ 0 23,64,130,246,346,368,6,25,371,375 NULL 0 0 0 #
π’Ώ 0 39,68,153,246,337,709,6,25,362,722 NULL 0 0 0 #
π’¤ 0 3,43,162,267,469,575,6,25,475,587 NULL 0 0 0 #
π’¬ 0 28,67,161,246,436,554,6,25,442,566 NULL 0 0 0 #
π’ 0 30,64,163,246,183,195,6,25,198,208 NULL 0 0 0 #
π’‡¬ 0 15,63,128,267,231,349,6,25,245,361 NULL 0 0 0 #
π’‰‡ 0 25,55,157,246,177,329,6,25,202,341 NULL 0 0 0 #
π’” 0 45,72,163,246,360,655,6,25,385,667 NULL 0 0 0 #
π’†Ή 0 23,35,157,287,208,411,6,25,233,423 NULL 0 0 0 #
π’‡‡ 0 12,35,157,297,208,899,6,25,233,911 NULL 0 0 0 #
π’΄ 0 23,64,125,246,275,391,6,25,289,403 NULL 0 0 0 #
π’› 0 43,63,118,246,229,431,6,25,237,443 NULL 0 0 0 #
π’¥ 0 24,55,157,246,212,329,4,25,218,341 NULL 0 0 0 #
π’‚‰ 0 25,55,157,246,198,329,6,25,223,341 NULL 0 0 0 #
π’­ 0 0,64,174,237,232,541,6,25,252,553 NULL 0 0 0 #
π’† 0 25,55,157,246,208,329,6,25,233,341 NULL 0 0 0 #
π’†‘ 0 0,64,129,246,263,414,6,25,269,426 NULL 0 0 0 #
π’† 0 0,55,164,247,384,595,6,25,390,607 NULL 0 0 0 #
π’Ώ 0 21,64,163,246,363,646,6,25,388,658 NULL 0 0 0 #
π’„¤ 0 1,23,144,287,369,575,6,25,394,587 NULL 0 0 0 #
π’ƒµ 0 58,101,159,179,170,198,6,25,182,222 NULL 0 0 0 #
π’‚„ 0 42,64,161,246,260,657,6,25,285,669 NULL 0 0 0 #
π’½ 0 0,69,151,246,296,575,6,25,302,587 NULL 0 0 0 #
π’ 0 30,64,154,246,369,411,6,25,394,423 NULL 0 0 0 #
π’€³ 0 35,80,143,247,325,436,6,25,331,448 NULL 0 0 0 #
π’• 0 31,64,145,246,83,148,6,25,95,154 NULL 0 0 0 #
π’‹ 0 0,63,171,247,414,829,6,25,420,841 NULL 0 0 0 #
π’¶ 0 19,63,125,267,335,493,6,25,360,505 NULL 0 0 0 #
π’„™ 0 6,63,154,246,387,657,6,25,412,669 NULL 0 0 0 #
π’‡ 0 8,63,166,246,301,472,6,25,307,484 NULL 0 0 0 #
π’†­ 0 30,47,141,247,331,513,6,25,356,525 NULL 0 0 0 #
π’ƒ· 0 15,63,128,246,283,349,6,25,307,361 NULL 0 0 0 #
π’‘‘ 0 35,65,128,247,171,206,6,25,179,218 NULL 0 0 0 #
π’…΄ 0 23,39,133,287,346,677,6,25,352,689 NULL 0 0 0 #
π’‡΅ 0 12,35,157,297,208,677,6,25,233,689 NULL 0 0 0 #
π’® 0 16,71,162,226,235,308,6,25,241,320 NULL 0 0 0 #
π’€¬ 0 2,43,153,308,326,513,6,25,351,525 NULL 0 0 0 #
π’‡Έ 0 0,19,158,316,428,554,6,25,434,566 NULL 0 0 0 #
π’… 0 23,39,133,287,346,657,6,25,352,669 NULL 0 0 0 #
π’ 0 0,65,167,214,513,676,6,25,525,701 NULL 0 0 0 #
π’‚ 0 0,63,144,246,389,431,6,25,395,443 NULL 0 0 0 #
π’…“ 0 9,64,144,246,198,290,6,25,210,309 NULL 0 0 0 #
π’† 0 0,64,128,246,151,250,6,25,157,262 NULL 0 0 0 #
π’„‰ 0 0,64,137,246,344,524,6,25,350,536 NULL 0 0 0 #
π’‚€ 0 0,35,215,275,538,657,6,25,563,669 NULL 0 0 0 #
π’¨ 0 41,73,133,267,330,513,6,25,336,525 NULL 0 0 0 #
π’ 0 30,55,120,247,473,636,6,25,479,648 NULL 0 0 0 #
π’― 0 13,64,152,246,278,595,6,25,303,607 NULL 0 0 0 #
π’ƒ΄ 0 13,35,158,275,404,493,6,25,410,515 NULL 0 0 0 #
π’„Ύ 0 0,64,133,275,314,513,6,25,339,525 NULL 0 0 0 #
π’½ 0 35,66,132,247,287,575,6,25,312,587 NULL 0 0 0 #
π’¨ 0 35,64,129,246,345,636,6,25,352,648 NULL 0 0 0 #
π’‘ 0 0,64,150,246,320,421,6,25,326,433 NULL 0 0 0 #
π’…‚ 0 100,125,46,185,227,305,6,25,239,330 NULL 0 0 0 #
π’‘ 0 35,84,128,226,206,218,6,25,218,243 NULL 0 0 0 #
π’‹ 0 35,64,128,246,189,223,6,25,214,235 NULL 0 0 0 #
π’‘ 0 35,64,152,246,206,256,6,25,218,266 NULL 0 0 0 #
π’€ 0 28,35,140,292,407,739,6,25,431,751 NULL 0 0 0 #
π’‰­ 0 0,63,202,247,157,464,6,25,163,476 NULL 0 0 0 #
π’‘° 0 35,64,128,246,61,83,6,25,84,95 NULL 0 0 0 #
π’ƒΈ 0 15,63,157,246,261,349,6,25,267,361 NULL 0 0 0 #
π’„¨ 0 35,64,128,246,302,370,6,25,326,382 NULL 0 0 0 #
π’§ 0 14,63,155,247,402,430,6,25,423,442 NULL 0 0 0 #
π’‚ 0 23,32,198,287,365,820,6,25,390,832 NULL 0 0 0 #
π’€² 0 4,64,171,246,430,554,6,25,455,566 NULL 0 0 0 #
π’„ 0 11,64,144,246,325,369,6,25,343,381 NULL 0 0 0 #
π’µ 0 4,72,163,285,405,471,6,25,411,483 NULL 0 0 0 #
π’‰Ό 0 22,68,94,288,372,534,6,25,378,546 NULL 0 0 0 #
π’‡€ 0 25,64,157,259,208,349,6,25,233,361 NULL 0 0 0 #
π’‰  0 28,56,152,267,326,616,6,25,332,628 NULL 0 0 0 #
π’‘† 0 19,65,136,246,189,212,6,25,210,218 NULL 0 0 0 #
π’€ 0 17,35,151,287,321,595,6,25,346,607 NULL 0 0 0 #
π’‹  0 25,55,157,247,208,585,6,25,233,597 NULL 0 0 0 #
π’‡§ 0 23,35,157,287,208,370,6,25,233,382 NULL 0 0 0 #
π’€― 0 24,64,246,268,310,759,6,25,335,771 NULL 0 0 0 #
π’‰Ύ 0 10,64,175,246,305,493,6,25,330,505 NULL 0 0 0 #
π’„½ 0 23,64,142,247,346,547,6,25,371,559 NULL 0 0 0 #
π’‚™ 0 0,64,145,247,260,657,6,25,285,669 NULL 0 0 0 #
π’Ί 0 8,63,166,246,321,616,6,25,331,628 NULL 0 0 0 #
π’– 0 10,63,174,246,284,352,6,25,309,364 NULL 0 0 0 #
π’© 0 37,65,136,247,206,262,6,25,218,287 NULL 0 0 0 #
π’„§ 0 0,63,128,247,296,451,6,25,302,463 NULL 0 0 0 #
π’† 0 28,64,133,247,313,554,6,25,327,566 NULL 0 0 0 #
π’‚Ό 0 0,32,152,287,310,698,6,25,316,710 NULL 0 0 0 #
π’„ 0 0,64,137,246,344,524,6,25,350,536 NULL 0 0 0 #
π’©π’† 0 17,63,161,271,356,513,6,25,381,525 NULL 0 0 0 #
π’‡† 0 25,35,157,287,208,472,6,25,233,484 NULL 0 0 0 #
π’— 0 102,125,77,185,200,231,6,25,206,256 NULL 0 0 0 #
π’ 0 8,63,166,246,321,759,6,25,331,771 NULL 0 0 0 #
π’· 0 0,75,167,247,504,808,6,25,512,820 NULL 0 0 0 #
π’» 0 0,55,182,269,296,339,6,25,302,351 NULL 0 0 0 #
π’‹‹ 0 12,63,145,247,442,882,6,25,448,894 NULL 0 0 0 #
π’€Ώ 0 15,69,133,246,288,327,6,25,300,352 NULL 0 0 0 #
π’‰„ 0 29,64,123,273,360,487,6,25,372,512 NULL 0 0 0 #
π’£ 0 3,43,162,267,469,575,6,25,475,587 NULL 0 0 0 #
π’‘± 0 35,134,125,214,69,144,6,25,75,156 NULL 0 0 0 #
π’‚† 0 24,55,143,246,330,534,6,25,355,546 NULL 0 0 0 #
π’‹¦ 0 0,35,190,275,400,781,6,25,406,793 NULL 0 0 0 #
π’†¦ 0 22,63,150,267,291,493,6,25,311,505 NULL 0 0 0 #
π’† 0 0,26,155,275,433,657,6,25,458,669 NULL 0 0 0 #
ξ€ 0 75,160,232,232,304,304,12,12,316,316 NULL 0 0 0 #
π’‹¬ 0 35,64,128,246,308,474,6,25,314,486 NULL 0 0 0 #
π’…¥ 0 23,39,133,287,346,657,6,25,352,669 NULL 0 0 0 #
π’‹ 0 3,55,151,247,390,1076,6,25,415,1088 NULL 0 0 0 #
π’’ 0 0,77,149,246,309,513,6,25,315,525 NULL 0 0 0 #
π’‰ 0 12,26,157,298,440,646,6,25,446,658 NULL 0 0 0 #
π’‰ 0 23,33,119,287,371,595,6,25,396,607 NULL 0 0 0 #
π’Ά 0 37,55,138,247,294,411,6,25,319,423 NULL 0 0 0 #
π’…» 0 35,43,133,267,346,800,6,25,352,812 NULL 0 0 0 #
π’„‹ 0 0,33,176,287,463,717,6,25,469,730 NULL 0 0 0 #
π’ 0 31,64,144,246,128,156,6,25,153,166 NULL 0 0 0 #
π’– 0 31,64,145,246,165,248,6,25,177,254 NULL 0 0 0 #
ξ„€ 0 48,133,237,237,253,253,12,12,265,265 NULL 0 0 0 #
π’‘³ 0 56,65,117,240,181,242,6,25,187,254 NULL 0 0 0 #
π’… 0 35,64,133,246,346,764,6,25,352,776 NULL 0 0 0 #
π’– 0 28,43,143,246,273,452,6,25,290,464 NULL 0 0 0 #
π’ƒ 0 0,32,152,287,310,595,6,25,316,607 NULL 0 0 0 #
π’‘ 0 35,64,128,246,206,218,6,25,218,243 NULL 0 0 0 #
π’‘” 0 35,65,128,247,202,283,6,25,219,295 NULL 0 0 0 #
π’ƒ 0 0,63,166,246,431,781,6,25,443,806 NULL 0 0 0 #
π’‘’ 0 35,65,128,247,186,283,6,25,192,295 NULL 0 0 0 #
π’‹‡ 0 12,63,145,246,442,810,6,25,448,822 NULL 0 0 0 #
π’…Έ 0 23,39,133,287,346,718,6,25,352,730 NULL 0 0 0 #
π’ƒ£ 0 0,32,152,297,310,595,6,25,316,607 NULL 0 0 0 #
π’…Ύ 0 35,43,133,287,346,800,6,25,352,812 NULL 0 0 0 #
π’ 0 12,32,150,287,634,984,6,25,644,996 NULL 0 0 0 #
π’‘› 0 35,64,152,246,241,267,6,25,262,279 NULL 0 0 0 #
π’― 0 16,71,162,226,235,390,6,25,241,402 NULL 0 0 0 #
π’‘² 0 56,73,61,179,133,170,6,25,139,182 NULL 0 0 0 #
π’Ά 0 35,64,129,247,520,1169,6,25,526,1181 NULL 0 0 0 #
π’„— 0 0,27,245,288,304,490,6,25,329,502 NULL 0 0 0 #
π’€Ή 0 44,64,95,157,176,179,6,25,185,201 NULL 0 0 0 #
π’€ 0 0,26,144,196,386,397,6,25,392,422 NULL 0 0 0 #
π’» 0 93,113,105,160,192,225,6,25,217,231 NULL 0 0 0 #
π’ 0 15,63,144,169,252,289,6,25,277,295 NULL 0 0 0 #
π’‘– 0 15,66,115,169,61,78,6,25,84,86 NULL 0 0 0 #
π’‡Ώ 0 5,60,140,168,361,407,6,25,386,413 NULL 0 0 0 #
π’ 0 15,35,129,169,345,346,6,25,352,370 NULL 0 0 0 #
π’ 0 0,31,194,208,169,285,6,25,194,291 NULL 0 0 0 #
π’— 0 11,40,145,208,246,356,6,25,271,362 NULL 0 0 0 #
π’‚ƒ 0 11,77,143,217,324,345,6,25,330,370 NULL 0 0 0 #
π’ 0 0,31,195,208,246,419,6,25,271,425 NULL 0 0 0 #
